Valid:
Lamda=0.0027095299004427586 Accuracy=0.5104
Lamda=0.005059242510786357 Accuracy=0.507
Test:
Lamda=0.005059242510786357 Accuracy=0.5048
Lamda=0.0027095299004427586 Accuracy=0.5013
